   1.7000000e+02  -3.0006800e+00  -6.1777100e+00  -4.2897700e+00  -3.5863200e+00  -4.2535500e+00  -3.7848100e+00  -3.7366600e+00  -1.5297900e+00  -3.3322000e+00  -1.9124400e+00  -2.5386400e+00  -1.9751600e+00  -2.0317800e+00  -2.9139700e+00  -2.8794100e+00  -2.6166600e+00  -3.0338400e+00  -3.3956400e+00  -3.2037300e+00  -3.8397000e+00  -3.0686000e+00
   1.7100000e+02  -3.7650300e+00  -5.2231400e+00  -4.5681000e+00  -4.2479600e+00  -4.1482700e+00  -4.0710600e+00  -3.8157200e+00  -2.6690300e+00  -3.4974700e+00  -2.8548200e+00  -2.8722300e+00  -2.3532600e+00  -3.1391900e+00  -2.8091200e+00  -3.2374800e+00  -2.7799600e+00  -3.5143000e+00  -3.3026500e+00  -3.9027400e+00  -3.7986100e+00  -3.2013100e+00
   1.7200000e+02  -4.3243700e+00  -4.5484700e+00  -4.7456600e+00  -4.6510600e+00  -4.0412900e+00  -4.1842000e+00  -3.8328700e+00  -3.4392100e+00  -3.6170600e+00  -3.5054100e+00  -3.1277100e+00  -2.6336000e+00  -3.7911900e+00  -2.7823500e+00  -3.4736100e+00  -2.9059100e+00  -3.8007400e+00  -3.2257600e+00  -4.3025600e+00  -3.7080600e+00  -3.2748100e+00
   1.7300000e+02  -4.6787100e+00  -4.1537200e+00  -4.8224700e+00  -4.7956400e+00  -3.9326300e+00  -4.1242300e+00  -3.7881300e+00  -3.8403500e+00  -3.6909600e+00  -3.8642200e+00  -3.3050900e+00  -2.8161900e+00  -3.9877900e+00  -2.8336700e+00  -3.5877800e+00  -2.9945100e+00  -3.8931800e+00  -3.1649600e+00  -4.4031800e+00  -3.5680500e+00  -3.2891100e+00
   1.7400000e+02  -4.6422500e+00  -4.3146900e+00  -4.5480100e+00  -4.7231800e+00  -3.9820700e+00  -3.5775900e+00  -3.3634300e+00  -3.6708600e+00  -3.6900300e+00  -3.7347400e+00  -3.3410000e+00  -2.8824000e+00  -3.1869500e+00  -3.3152700e+00  -3.5254200e+00  -3.1488700e+00  -3.3794300e+00  -3.1990000e+00  -3.8537800e+00  -3.6591400e+00  -3.0343300e+00
   1.7500000e+02  -4.6872400e+00  -4.3111700e+00  -4.7302300e+00  -4.3701100e+00  -3.7942300e+00  -3.4137900e+00  -3.3160100e+00  -3.2779500e+00  -3.7460300e+00  -3.5986500e+00  -3.4201500e+00  -2.8614600e+00  -2.9312800e+00  -3.3162200e+00  -3.4279800e+00  -2.8823400e+00  -3.5042000e+00  -2.9383200e+00  -3.2852300e+00  -3.2820800e+00  -2.7169600e+00
   1.7600000e+02  -4.3951600e+00  -4.2668700e+00  -4.6847100e+00  -3.7377300e+00  -3.6109300e+00  -3.0730700e+00  -3.4292300e+00  -3.1570300e+00  -3.3723500e+00  -3.3058400e+00  -3.1163500e+00  -2.7207400e+00  -2.5291800e+00  -3.0197400e+00  -2.9163300e+00  -2.8978200e+00  -2.8875200e+00  -2.9099800e+00  -2.8158200e+00  -2.7217200e+00  -2.8030900e+00
   1.7700000e+02  -4.4697400e+00  -4.5319100e+00  -4.8544000e+00  -3.9348300e+00  -3.6289800e+00  -3.6703100e+00  -3.8283000e+00  -3.5755500e+00  -3.5013600e+00  -3.3770100e+00  -3.4049400e+00  -2.8713100e+00  -2.4961300e+00  -3.1398400e+00  -2.7986000e+00  -2.8667700e+00  -2.6691800e+00  -2.8047400e+00  -2.8186400e+00  -2.6364000e+00  -3.0067000e+00
   1.7800000e+02  -4.1746000e+00  -4.3775200e+00  -4.5643000e+00  -3.8303500e+00  -3.6398100e+00  -3.8783400e+00  -3.3543800e+00  -3.4626400e+00  -2.7874500e+00  -2.9086000e+00  -3.1319900e+00  -2.4864100e+00  -2.3034800e+00  -2.7860500e+00  -2.3956400e+00  -2.7434000e+00  -2.2293800e+00  -2.3350600e+00  -2.4570100e+00  -2.5404400e+00  -2.4708600e+00
   1.7900000e+02  -4.0032400e+00  -4.1964300e+00  -4.3486800e+00  -4.0030800e+00  -3.7322400e+00  -3.8316900e+00  -2.9761700e+00  -3.4089700e+00  -2.6182400e+00  -2.5051200e+00  -2.8890000e+00  -2.2930600e+00  -2.5561700e+00  -2.4596200e+00  -2.3870400e+00  -2.5893200e+00  -2.1077700e+00  -2.2840200e+00  -2.3222800e+00  -2.3583300e+00  -2.3301800e+00
   1.8000000e+02  -3.7374200e+00  -3.8012600e+00  -3.6862700e+00  -3.6132200e+00  -3.4303200e+00  -3.3754700e+00  -2.4615300e+00  -2.9929700e+00  -2.3564000e+00  -1.9694500e+00  -2.2450700e+00  -1.8240800e+00  -2.1872200e+00  -1.9444400e+00  -2.1465900e+00  -2.1391500e+00  -1.8784300e+00  -1.9082400e+00  -2.1360700e+00  -1.9363400e+00  -2.0335500e+00
   1.8100000e+02  -3.4607500e+00  -3.3510100e+00  -3.1576200e+00  -3.1248000e+00  -3.0353700e+00  -2.9150600e+00  -2.1495600e+00  -2.5265800e+00  -2.2048600e+00  -1.5035100e+00  -1.4339400e+00  -1.4162700e+00  -1.7975800e+00  -1.4563900e+00  -1.7540600e+00  -1.4756600e+00  -1.4699700e+00  -1.2211500e+00  -1.6105400e+00  -1.5875900e+00  -1.4095100e+00
   1.8200000e+02  -3.0044800e+00  -2.8472700e+00  -2.6562900e+00  -2.5971000e+00  -2.4959900e+00  -2.1347200e+00  -1.7453000e+00  -1.8324600e+00  -1.7339100e+00  -1.1450700e+00  -7.3383000e-01  -7.9547900e-01  -9.4924700e-01  -7.8538700e-01  -9.6083600e-01  -9.1476700e-01  -9.3399600e-01  -7.9730300e-01  -1.0401700e+00  -1.0132500e+00  -8.6307100e-01
   1.8300000e+02  -2.8068800e+00  -2.6025600e+00  -2.4268800e+00  -2.4627600e+00  -2.1587100e+00  -1.6965100e+00  -1.5368300e+00  -1.4348200e+00  -1.3681500e+00  -9.6263200e-01  -5.6629200e-01  -4.5198800e-01  -3.5018500e-01  -3.4909200e-01  -4.6360400e-01  -5.8939500e-01  -5.5402300e-01  -3.5924300e-01  -7.3655400e-01  -6.8083400e-01  -4.5340800e-01
   1.8400000e+02  -2.5422300e+00  -2.3123900e+00  -2.3549600e+00  -2.2165900e+00  -1.8613700e+00  -1.4146500e+00  -1.2583800e+00  -9.9155200e-01  -7.2052100e-01  -6.2046500e-01  -2.7189700e-01  -1.8308700e-01   1.2377300e-01   3.1254100e-02  -1.1536200e-01  -2.8079200e-01  -1.1313300e-01   1.1026700e-01  -2.9441400e-01  -3.6646100e-01  -7.4142500e-02
   1.8500000e+02  -2.2255400e+00  -2.1262300e+00  -2.1751300e+00  -1.9255700e+00  -1.5274200e+00  -1.1973000e+00  -1.0164400e+00  -8.4347700e-01  -3.9413100e-01  -2.4656900e-01  -1.1815700e-01   1.0943100e-01   3.1636200e-01   2.5824300e-01   3.3916300e-01  -6.1779300e-02   2.6260600e-01   3.4642300e-01   1.0595200e-01  -5.2832900e-02   1.2030700e-01
   1.8600000e+02  -1.7529100e+00  -1.7740900e+00  -1.7638800e+00  -1.4326000e+00  -1.2221800e+00  -8.2432200e-01  -5.6391400e-01  -5.5168800e-01   2.3127900e-02   1.4607700e-01   4.5718900e-01   5.0747700e-01   6.3652400e-01   6.1637900e-01   7.1044800e-01   4.2312200e-01   7.2883600e-01   7.6419700e-01   6.0416800e-01   3.8222100e-01   4.7778000e-01
   1.8700000e+02  -1.2859300e+00  -1.4340500e+00  -1.3309800e+00  -9.8142500e-01  -8.6277900e-01  -5.2262600e-01  -1.9398300e-01  -1.9024000e-01   3.1297900e-01   5.1611700e-01   1.0163100e+00   9.0563300e-01   1.0080800e+00   9.3084200e-01   1.0789200e+00   8.3151400e-01   1.1139200e+00   1.0929000e+00   1.0233800e+00   7.4239900e-01   8.8145400e-01
   1.8800000e+02  -9.5007000e-01  -1.0867800e+00  -9.4592500e-01  -6.3223200e-01  -5.9907100e-01  -2.6648300e-01   7.0756700e-02   1.8757200e-01   5.8300500e-01   7.7195600e-01   1.2441600e+00   1.1514400e+00   1.3544000e+00   1.1811000e+00   1.2987800e+00   1.1606900e+00   1.3970000e+00   1.1256400e+00   1.2501000e+00   1.0498100e+00   1.0036900e+00
   1.8900000e+02  -5.5976700e-01  -6.8123800e-01  -5.5220200e-01  -3.2153400e-01  -1.8191400e-01   6.2238700e-03   2.4689400e-01   4.4453000e-01   7.1559300e-01   1.1066500e+00   1.3554700e+00   1.3262200e+00   1.5687700e+00   1.4148100e+00   1.5257900e+00   1.4649200e+00   1.5885100e+00   1.4030300e+00   1.4434900e+00   1.2074500e+00   1.3452400e+00
   1.9000000e+02  -1.0074900e-01  -2.7387300e-01  -2.1739400e-01  -4.9440700e-02   1.9021700e-01   2.8207400e-01   4.6149500e-01   7.3534500e-01   9.2003200e-01   1.3375700e+00   1.5218800e+00   1.4491500e+00   1.7266300e+00   1.6344400e+00   1.7608100e+00   1.7143600e+00   1.5860800e+00   1.5736200e+00   1.6662300e+00   1.3723800e+00   1.5437500e+00
   1.9100000e+02   1.6042200e-01   1.8149200e-01   1.7525400e-01   2.7211500e-01   4.7127500e-01   5.9249700e-01   6.7571400e-01   8.2540300e-01   1.1335100e+00   1.4172600e+00   1.5255900e+00   1.5290700e+00   1.8380200e+00   1.7581000e+00   1.9783300e+00   1.7732200e+00   1.5797700e+00   1.7392600e+00   1.7691900e+00   1.5017000e+00   1.5717800e+00
   1.9200000e+02   5.1111900e-01   4.5647000e-01   5.5323700e-01   5.4258000e-01   6.6133300e-01   7.9675000e-01   8.9280300e-01   1.0176200e+00   1.2409800e+00   1.4290600e+00   1.5827900e+00   1.5497000e+00   1.8143300e+00   1.8308700e+00   1.8763500e+00   1.7420600e+00   1.5808400e+00   1.8090700e+00   1.7216500e+00   1.5850000e+00   1.4969600e+00
   1.9300000e+02   7.9853000e-01   7.0675200e-01   8.4013900e-01   7.1826700e-01   8.0694000e-01   9.4235500e-01   9.6502600e-01   1.1752300e+00   1.2109100e+00   1.3626200e+00   1.5685900e+00   1.5378200e+00   1.6835100e+00   1.6967900e+00   1.6428700e+00   1.5810800e+00   1.5552700e+00   1.5952300e+00   1.5099300e+00   1.5371500e+00   1.3661500e+00
   1.9400000e+02   1.0679900e+00   8.8339300e-01   1.0122700e+00   9.7291800e-01   8.5445200e-01   9.2196100e-01   1.0536000e+00   1.1949400e+00   1.1470700e+00   1.1673300e+00   1.3854400e+00   1.3631700e+00   1.4599800e+00   1.3944700e+00   1.2869000e+00   1.3973900e+00   1.4331000e+00   1.3244100e+00   1.1854700e+00   1.3199100e+00   1.1118900e+00
   1.9500000e+02   1.5093400e+00   1.2551600e+00   1.3007900e+00   1.3814100e+00   1.2049600e+00   1.1144000e+00   1.1466600e+00   1.2752600e+00   1.1642500e+00   1.1173900e+00   1.4469800e+00   1.2919700e+00   1.3874000e+00   1.2322800e+00   1.1670900e+00   1.2782100e+00   1.3505800e+00   1.2735900e+00   9.9821100e-01   1.2556200e+00   1.0961600e+00
   1.9600000e+02   1.9059600e+00   1.6018000e+00   1.5595800e+00   1.6532100e+00   1.4904900e+00   1.2772000e+00   1.2518200e+00   1.2638600e+00   1.2270000e+00   1.1182600e+00   1.4752700e+00   1.2257900e+00   1.3153800e+00   1.0164100e+00   1.0861900e+00   1.2646800e+00   1.1203500e+00   1.0863400e+00   8.7725000e-01   1.0903900e+00   9.8996200e-01
   1.9700000e+02   2.1062200e+00   1.9508200e+00   1.8050300e+00   1.8854900e+00   1.5924000e+00   1.3810100e+00   1.2351700e+00   1.2621100e+00   1.2376200e+00   1.0156300e+00   1.4449700e+00   1.0614500e+00   1.1470200e+00   9.0377900e-01   1.0174000e+00   1.0957100e+00   9.9388100e-01   9.5424200e-01   7.5404800e-01   8.3698600e-01   8.3864100e-01
   1.9800000e+02   2.3813800e+00   2.2575700e+00   2.0526200e+00   2.1013500e+00   1.8592900e+00   1.5386200e+00   1.3317600e+00   1.4171400e+00   1.2784700e+00   1.1451600e+00   1.4038700e+00   1.0102000e+00   1.0997300e+00   8.9048100e-01   9.7379600e-01   9.3782600e-01   9.6576900e-01   8.5992500e-01   7.5852200e-01   7.0171300e-01   7.5864100e-01
   1.9900000e+02   2.4871600e+00   2.4067100e+00   2.1541700e+00   2.0931300e+00   1.8954200e+00   1.6382000e+00   1.3593300e+00   1.3955900e+00   1.1590800e+00   1.1168200e+00   1.1877500e+00   8.5868700e-01   9.8248300e-01   7.5590600e-01   7.3750100e-01   7.3136400e-01   8.6051900e-01   6.2050200e-01   6.4191800e-01   5.2536400e-01   5.7261500e-01
   2.0000000e+02   2.3994100e+00   2.3270300e+00   2.0558900e+00   2.0651900e+00   1.8491000e+00   1.4993500e+00   1.3221200e+00   1.2580500e+00   1.0128600e+00   8.7643200e-01   8.2610500e-01   6.2527300e-01   7.8122500e-01   5.0952900e-01   4.6922800e-01   4.3735500e-01   6.0368600e-01   3.8039000e-01   4.1295800e-01   2.6122800e-01   3.9569200e-01
   2.0100000e+02   2.5122700e+00   2.4335900e+00   2.2380500e+00   2.2078000e+00   2.0038200e+00   1.6861800e+00   1.3270400e+00   1.2818400e+00   1.0233200e+00   7.8893500e-01   7.4839600e-01   6.3078600e-01   7.2925000e-01   4.0258100e-01   4.4826000e-01   4.0460100e-01   5.4852400e-01   3.5332500e-01   3.0522300e-01   2.9811300e-01   3.9293600e-01
   2.0200000e+02   2.7254300e+00   2.6492500e+00   2.4873800e+00   2.4930800e+00   2.2761800e+00   1.8959800e+00   1.5836700e+00   1.3926900e+00   1.1094000e+00   8.9656900e-01   7.8804800e-01   7.3758800e-01   7.6091700e-01   4.8124200e-01   5.4340600e-01   5.0513500e-01   5.3765400e-01   4.4143600e-01   3.5413700e-01   3.5657200e-01   4.7628400e-01
   2.0300000e+02   2.8819500e+00   2.6711700e+00   2.5778400e+00   2.5390100e+00   2.3168100e+00   1.9014400e+00   1.6265200e+00   1.3769800e+00   1.0665200e+00   8.9220400e-01   7.8592800e-01   6.9242100e-01   6.3923900e-01   4.5733200e-01   5.1458800e-01   4.7687000e-01   4.6410400e-01   3.6103800e-01   2.6128000e-01   2.2848000e-01   4.6566000e-01
   2.0400000e+02   2.8969100e+00   2.6527900e+00   2.4587000e+00   2.4785800e+00   2.2694800e+00   1.8823800e+00   1.6067900e+00   1.3638700e+00   1.0347800e+00   9.3165600e-01   8.2688400e-01   6.5575300e-01   5.5654500e-01   3.3597500e-01   4.6137700e-01   4.4979100e-01   4.2147600e-01   3.0550300e-01   2.6519300e-01   1.1781400e-01   3.7640600e-01
   2.0500000e+02   2.6157300e+00   2.3965200e+00   2.1467600e+00   2.1472200e+00   1.9834000e+00   1.7153500e+00   1.4167900e+00   1.0960600e+00   9.3918100e-01   7.4969900e-01   7.1264700e-01   4.2045500e-01   3.9325000e-01   2.3183200e-01   3.0436900e-01   2.5142800e-01   1.7978100e-01   1.0357100e-01   1.1950800e-01  -5.8955700e-03   9.5366900e-02
   2.0600000e+02   2.1357500e+00   1.9720200e+00   1.6814900e+00   1.7504300e+00   1.5815700e+00   1.2820700e+00   1.0420600e+00   7.8963800e-01   8.2632100e-01   4.2709700e-01   4.0396500e-01   7.9587900e-02   1.4944400e-01   9.7069200e-03   5.2854000e-02  -1.0803900e-01  -9.5770200e-02  -1.2332900e-01  -1.2206000e-01  -2.6228500e-01  -1.6256200e-01
   2.0700000e+02   1.7497800e+00   1.6179700e+00   1.3617500e+00   1.4330500e+00   1.1815600e+00   9.6021700e-01   7.0756800e-01   4.8655300e-01   5.8377600e-01   1.1494700e-01   1.5971900e-01  -8.9840100e-02  -2.8177200e-02  -2.5532900e-01  -7.6166900e-02  -2.8469100e-01  -1.7125600e-01  -2.3141200e-01  -3.8957900e-01  -4.7337500e-01  -3.0274300e-01
   2.0800000e+02   1.4468500e+00   1.3823900e+00   1.1592100e+00   1.2488400e+00   1.0430300e+00   8.2746100e-01   6.4518600e-01   3.8154300e-01   3.7045600e-01   7.5556600e-02   1.8002300e-02  -1.2368500e-01  -1.2608000e-01  -3.5214800e-01  -1.0728500e-01  -4.3081100e-01  -2.5526700e-01  -2.1776000e-01  -4.7543900e-01  -5.1146500e-01  -3.9423900e-01
   2.0900000e+02   1.1834600e+00   1.0762400e+00   8.9530600e-01   1.0434400e+00   7.9630900e-01   5.4487500e-01   5.2075700e-01   1.4965200e-01   4.8868100e-02  -5.0669800e-02  -1.2805200e-01  -2.6570900e-01  -2.2728000e-01  -5.3766100e-01  -3.5363800e-01  -4.9700100e-01  -4.0271800e-01  -3.9551100e-01  -6.6371300e-01  -6.7566200e-01  -5.2581800e-01
   2.1000000e+02   8.7825700e-01   6.6029000e-01   5.2940800e-01   6.8673600e-01   4.7621700e-01   2.6091100e-01   1.6668900e-01  -8.8323400e-02  -2.7289000e-01  -2.8673100e-01  -3.4802700e-01  -5.2802500e-01  -4.4890100e-01  -8.4011600e-01  -6.3162400e-01  -5.8566200e-01  -6.2376100e-01  -6.4476000e-01  -7.8458700e-01  -8.5240300e-01  -7.5342900e-01
   2.1100000e+02   5.4615200e-01   3.6853000e-01   3.2239600e-01   4.5277000e-01   2.4887500e-01   7.4657300e-02  -1.1096700e-01  -2.9405900e-01  -4.4204300e-01  -3.8647900e-01  -4.0439100e-01  -6.3604700e-01  -5.5053400e-01  -8.9690500e-01  -7.3357600e-01  -6.2340900e-01  -7.8710300e-01  -9.4740600e-01  -8.4942200e-01  -8.8081200e-01  -8.5386800e-01
   2.1200000e+02   3.4783300e-01   1.9725700e-01   1.9672200e-01   2.8598000e-01   1.0902900e-01  -1.1843900e-01  -3.3424300e-01  -3.8182200e-01  -3.9145100e-01  -4.8475800e-01  -4.6592800e-01  -7.1442100e-01  -6.0820500e-01  -8.6620100e-01  -7.8565300e-01  -6.2912400e-01  -7.1948600e-01  -1.0033000e+00  -8.4581800e-01  -8.6949900e-01  -8.8167000e-01
   2.1300000e+02   1.6719800e-01   8.2704500e-02  -2.6320200e-02   1.5687000e-01  -2.4733700e-02  -2.3979600e-01  -4.4745000e-01  -4.7630500e-01  -4.9594500e-01  -5.5088700e-01  -5.6572700e-01  -6.7742600e-01  -7.2155400e-01  -8.6400800e-01  -8.2070100e-01  -6.9797700e-01  -6.6927800e-01  -1.0296300e+00  -8.8188300e-01  -9.3729100e-01  -9.0212300e-01
   2.1400000e+02   1.6393400e-01   4.6025400e-02  -1.4208400e-01   3.3798600e-02  -4.8353600e-02  -1.9594500e-01  -3.4493100e-01  -3.9478000e-01  -4.0663000e-01  -4.9129600e-01  -5.8507100e-01  -5.8665300e-01  -7.2833100e-01  -8.0937300e-01  -7.8006600e-01  -7.4391200e-01  -6.2156400e-01  -8.8529300e-01  -8.6425400e-01  -8.9116400e-01  -9.1129300e-01
   2.1500000e+02   1.6466900e-01   2.5988100e-02  -2.3528300e-01  -2.7661700e-02  -1.5174600e-01  -2.2157600e-01  -2.3107100e-01  -3.5205800e-01  -4.2708400e-01  -5.4741300e-01  -5.9954500e-01  -6.6227300e-01  -7.5574400e-01  -8.5231500e-01  -7.8514200e-01  -7.3395500e-01  -6.4853700e-01  -7.7977500e-01  -8.5919500e-01  -9.3951300e-01  -8.2789600e-01
   2.1600000e+02   1.4262300e-01  -1.7671600e-01  -3.0097100e-01  -1.6185400e-01  -2.4724700e-01  -3.8053800e-01  -4.1017300e-01  -4.2187400e-01  -5.0653500e-01  -7.1670100e-01  -7.2253300e-01  -8.0546100e-01  -7.7978200e-01  -9.5065900e-01  -9.0245500e-01  -7.9976400e-01  -8.4730100e-01  -8.1229100e-01  -8.9312100e-01  -1.0011100e+00  -9.0311500e-01
   2.1700000e+02   5.0125700e-02  -3.1630700e-01  -3.4446700e-01  -1.9433200e-01  -3.9331000e-01  -5.2609800e-01  -5.0055200e-01  -4.9093400e-01  -5.8074200e-01  -7.1969500e-01  -7.3023100e-01  -8.3728900e-01  -7.9223900e-01  -1.0005400e+00  -9.5774600e-01  -8.9327500e-01  -9.7367400e-01  -9.1665700e-01  -9.7435100e-01  -1.0505200e+00  -8.9711800e-01
   2.1800000e+02  -1.0834700e-01  -4.0992000e-01  -4.0597300e-01  -3.4705900e-01  -4.5872400e-01  -6.6873300e-01  -6.3873200e-01  -5.6068800e-01  -6.6220000e-01  -8.6701800e-01  -7.8155500e-01  -8.6590700e-01  -7.8152100e-01  -1.0777200e+00  -9.5215500e-01  -9.8882500e-01  -9.2199400e-01  -8.8159600e-01  -9.9189100e-01  -1.0280100e+00  -9.6378600e-01
   2.1900000e+02  -2.3275500e-01  -4.0245100e-01  -5.1396300e-01  -4.5108700e-01  -4.9421000e-01  -6.1202400e-01  -6.9029800e-01  -6.3813100e-01  -7.5081600e-01  -8.4380300e-01  -7.4128000e-01  -7.9729800e-01  -8.0902900e-01  -1.0909300e+00  -9.7986200e-01  -1.0089800e+00  -8.0459900e-01  -8.9336600e-01  -9.4011400e-01  -1.0094200e+00  -9.5001800e-01
   2.2000000e+02  -1.7118800e-01  -3.3157200e-01  -5.0841700e-01  -4.7012100e-01  -4.9702100e-01  -4.7221600e-01  -6.5049900e-01  -6.0847400e-01  -6.6557200e-01  -7.4903700e-01  -6.9998500e-01  -7.6095600e-01  -7.8825400e-01  -1.0496900e+00  -8.6313900e-01  -9.8864600e-01  -6.2562800e-01  -8.8614100e-01  -8.2513300e-01  -9.3337100e-01  -9.6005500e-01
   2.2100000e+02  -4.5264000e-02  -1.3902900e-01  -3.9299200e-01  -3.5850200e-01  -3.1217100e-01  -2.1312800e-01  -3.8318600e-01  -4.8340700e-01  -5.1865600e-01  -4.9589900e-01  -6.1420400e-01  -6.4593700e-01  -6.8153200e-01  -8.6702100e-01  -6.7173100e-01  -7.0397400e-01  -4.8782100e-01  -7.3143700e-01  -5.8141900e-01  -7.4950000e-01  -7.1973400e-01
   2.2200000e+02  -3.9535500e-02   5.5271600e-03  -2.7084500e-01  -2.4257800e-01  -1.0936700e-01  -1.4266500e-01  -2.8556200e-01  -4.2510800e-01  -3.9633100e-01  -3.4309000e-01  -5.2057400e-01  -5.9559700e-01  -6.0623400e-01  -6.8803500e-01  -5.6929300e-01  -6.1364600e-01  -4.6065900e-01  -6.3824100e-01  -4.8400800e-01  -6.3836100e-01  -6.7346500e-01
   2.2300000e+02   6.2087000e-03   7.4343300e-02  -1.3441300e-01  -1.3995300e-01  -2.5528700e-02  -8.8295200e-02  -1.4792800e-01  -3.2715900e-01  -2.9561100e-01  -2.3221900e-01  -4.8954200e-01  -5.2065900e-01  -5.1869600e-01  -5.4966300e-01  -5.0738400e-01  -5.4341200e-01  -4.9348700e-01  -5.6551800e-01  -5.4448000e-01  -5.4677500e-01  -5.1772600e-01
   2.2400000e+02  -1.8034300e-01  -8.8117000e-03  -1.3283900e-01  -2.0186600e-01   9.9930200e-03  -1.6254300e-01  -1.5493700e-01  -3.0548600e-01  -3.0500100e-01  -3.4750800e-01  -4.6949700e-01  -5.1207300e-01  -4.6656100e-01  -5.4716300e-01  -4.9687400e-01  -6.0072900e-01  -4.8364700e-01  -4.7675300e-01  -6.4285100e-01  -4.6913000e-01  -5.3201500e-01
   2.2500000e+02  -1.9109400e-01  -3.0320300e-02  -1.2487900e-01  -1.8750400e-01  -1.2920200e-01  -1.1587100e-01  -7.1682200e-02  -3.0177400e-01  -2.9713100e-01  -3.9956200e-01  -3.3462000e-01  -4.2503100e-01  -4.2972700e-01  -5.1941600e-01  -4.6746400e-01  -5.2001700e-01  -4.0265400e-01  -5.0102300e-01  -6.3177800e-01  -4.2390100e-01  -4.5118100e-01
   2.2600000e+02  -3.8308200e-02   3.4239200e-02   3.6036400e-02  -1.0408700e-01  -1.3000900e-01  -5.0063300e-02  -1.3096700e-01  -1.4736000e-01  -1.9811600e-01  -3.8536100e-01  -1.6927700e-01  -3.4918300e-01  -3.4730000e-01  -4.4268300e-01  -3.7145400e-01  -3.5213400e-01  -3.5400000e-01  -4.6777900e-01  -3.8688800e-01  -2.6191500e-01  -3.8038000e-01
   2.2700000e+02   1.2833900e-01   1.8236600e-01   1.5425100e-01   4.1107300e-02  -2.6773500e-02   7.8936200e-02   3.0580100e-02   3.1486300e-02  -1.2250700e-01  -2.6249900e-01  -5.3266600e-02  -1.5528900e-01  -2.4300400e-01  -3.0867200e-01  -2.7014800e-01  -1.5133300e-01  -2.5991100e-01  -3.5861300e-01  -9.4034000e-02  -2.1147100e-01  -1.9075100e-01
   2.2800000e+02   1.5536000e-01   2.3966800e-01   1.7627700e-01   5.7476300e-02   8.7145900e-02   1.3552300e-01   1.9896100e-03   5.8433500e-03  -9.7281800e-02  -1.6517000e-01  -4.2127900e-02  -2.0085000e-01  -2.4151500e-01  -2.8953500e-01  -1.7981500e-01  -1.4321300e-01  -1.7113100e-01  -2.9499000e-01   1.7726600e-02  -2.2162500e-01  -1.7151800e-01
   2.2900000e+02   2.5240400e-01   2.7725100e-01   2.3700500e-01   1.1694600e-01   1.7502800e-01   1.5633700e-01   2.5374500e-02  -2.2919300e-02  -1.4193000e-02  -6.3255600e-02  -2.2313300e-02  -1.3931600e-01  -1.4182600e-01  -2.2220900e-01  -7.2792500e-02  -2.5404900e-02  -8.6719500e-02  -1.7352800e-01   7.9986300e-02  -1.7198800e-01  -6.0565400e-02
   2.3000000e+02   6.8156100e-02   1.6229700e-01   2.2557100e-01   1.3721100e-01   2.5073500e-01   1.3230700e-01   1.7576000e-02  -2.0275200e-02   4.4321700e-02   1.5839400e-02  -1.0844300e-02  -2.0348300e-01  -1.5309300e-01  -2.0207000e-01  -4.6137600e-02  -4.0200400e-02   7.1481600e-03  -6.5170800e-02  -2.5385000e-02  -1.7697700e-01  -2.5913200e-02
   2.3100000e+02   1.5655400e-01   6.7649800e-02   2.1108700e-01   1.8646500e-01   1.8679000e-01   3.0744400e-01   1.9957400e-01   2.2636500e-02   6.2647900e-02   9.3647800e-02   8.3332400e-02  -6.4950800e-02  -1.1331100e-01  -1.2068000e-01   2.1392900e-02   4.7106800e-02   9.8307000e-02  -6.5822700e-02  -6.9266800e-02  -9.1828900e-02  -5.4706900e-02
   2.3200000e+02   2.8675900e-01   1.0223200e-01   2.6025700e-01   2.1475700e-01   2.1886200e-01   3.1438600e-01   2.3219700e-01   1.6835800e-01   1.1395300e-01   1.5035800e-01   2.9519000e-01  -1.2439400e-03  -5.1249000e-02  -2.3768600e-02  -2.1082500e-02   2.2841200e-01   9.5943300e-02   7.7125600e-02  -2.3876000e-02   8.1798500e-02  -2.0262700e-02
   2.3300000e+02   1.6731400e-01   4.7988700e-02   9.5828800e-02   1.1401900e-01   9.5412800e-02   1.6881800e-01   1.4048800e-01   1.0358700e-01  -1.3067500e-02  -3.0140700e-02   2.1314600e-01  -4.7940400e-02  -1.7673900e-01  -1.9219200e-01  -9.3097800e-02  -1.9544800e-02  -6.8978200e-02  -6.1312600e-02  -1.9193300e-01  -1.0903500e-01  -1.2227200e-01
   2.3400000e+02   1.9365500e-01   4.9545300e-02   8.2415700e-02   1.4236200e-01   9.7166400e-02   1.8960200e-01   7.9196700e-02   7.3877500e-02   1.0327600e-02  -2.5500400e-02   2.4315500e-01   1.1229700e-02  -1.4833700e-01  -9.6585600e-02   1.7330700e-02  -6.3285500e-02  -6.5596700e-02  -5.8816700e-02  -2.2978100e-01  -7.0763900e-03  -1.3747100e-01
   2.3500000e+02   2.1022300e-01   4.6813800e-02   1.6479200e-01   2.0907000e-01   1.6942500e-01   1.5885100e-01   6.4560500e-02  -1.4212300e-02   3.7937000e-02  -6.6996200e-02   2.2990200e-01   6.6224000e-03  -1.2892400e-01   1.4973100e-02   2.7879200e-02  -1.0589000e-01  -1.6074600e-01  -7.8950500e-02  -1.8228600e-01  -3.0003700e-02  -1.2271600e-01
   2.3600000e+02   1.3244300e-01   5.1297600e-02   1.4422700e-01   2.4855600e-01   6.9445600e-02   3.8239600e-02   4.5951600e-02  -3.6227100e-02   8.0953600e-02  -8.4714400e-02   1.0002700e-01  -1.1143100e-01  -1.6337100e-01   7.8381800e-03  -3.2737700e-02  -1.3191300e-01  -2.1402900e-01  -7.4799300e-02  -2.0108600e-01  -5.3387000e-02  -4.8102200e-02
   2.3700000e+02   2.0629400e-01   3.7746500e-02   2.2996200e-01   2.6168200e-01   4.8793800e-02   1.6862800e-01   1.3242500e-01   1.1162400e-01   2.3698300e-02   7.1193300e-02   1.1250700e-01  -2.7465500e-02  -6.5306700e-02   3.8002000e-02   3.2549100e-02  -6.7240700e-02  -1.6147700e-01  -8.0053600e-02  -1.3136700e-01   2.9571500e-02  -1.4615000e-02
   2.3800000e+02   1.8207000e-01   3.2867400e-02   1.2416200e-01   2.1067800e-01  -2.1351200e-02   4.8252300e-02   1.6397200e-01   4.9983600e-02  -3.3553600e-02   6.7561000e-02   9.2292100e-02  -9.8380800e-02   1.3929400e-02   2.7702500e-02  -8.4048100e-02   1.0180900e-02  -2.2448600e-02  -4.1739000e-02  -3.3842800e-02   8.8270800e-02   1.0649600e-01
   2.3900000e+02   1.8347600e-02  -3.9508900e-02  -5.2181900e-02   7.2894200e-02  -1.5322400e-01  -1.0210400e-01   7.4662800e-02  -6.4379500e-02  -1.2460100e-01  -9.4720900e-03   2.1804800e-02  -1.9783300e-01  -1.6381700e-02  -1.1639700e-01  -1.6883100e-01  -1.6295100e-01  -7.0910900e-02  -3.9614000e-02  -1.2311300e-01  -5.3067300e-02   8.9317800e-02
   2.4000000e+02   4.4780200e-02   1.6034300e-02  -8.2877200e-03   5.7963200e-02  -7.5945500e-02   8.1551800e-03   9.0205000e-02   3.9370700e-02  -1.8817500e-02   3.4432300e-02   6.3677300e-02  -4.3995200e-02   1.0959900e-01   5.9172400e-02   5.2206200e-03  -6.5841700e-02   1.1204300e-01   1.0195100e-01   1.3192000e-02   8.9953700e-02   1.5997400e-01
   2.4100000e+02   4.0271200e-02  -6.0159600e-02   2.3457800e-02  -5.6213700e-02   5.5941400e-02   7.0335100e-02   7.0181200e-02   5.8801100e-02  -6.9039800e-02  -1.2222600e-02  -2.2480700e-02  -2.7176300e-02   6.2058300e-02   1.2582700e-01   1.5396300e-02   3.9207600e-03   1.0606100e-01   7.3314000e-02   4.7234500e-03   1.1905000e-01   1.5121200e-01
   2.4200000e+02   2.1196200e-02  -2.6726500e-02  -3.3051200e-02  -1.3904100e-01   4.8999100e-02  -4.5089900e-02  -4.2013500e-02   2.0348600e-02  -3.5920700e-02  -9.1273700e-02  -1.5691500e-01  -2.1826200e-02  -1.3451700e-02   1.9118700e-02   2.4481100e-02   3.8124000e-02  -6.0186200e-02  -5.4183600e-02  -1.5203200e-02   8.2454800e-02   1.4792900e-01
   2.4300000e+02   1.9125800e-02   2.5737900e-02   7.9969200e-02  -1.6903100e-01   9.8802800e-02   3.9806600e-02  -9.9815300e-02   9.1035100e-02  -3.4224100e-03   2.3580600e-02  -8.7391000e-02   1.5879200e-01   3.4346900e-02   6.7904300e-02   1.0966800e-01   1.2428800e-01  -1.0132800e-01  -7.1068200e-02   6.3801700e-02   7.9967600e-02   6.7334700e-02
   2.4400000e+02  -9.4295500e-02   3.3340800e-02   3.8748100e-02  -7.9974800e-02   1.2483500e-01  -3.4672800e-03  -1.1351300e-01  -1.3688900e-02   7.0833700e-02   6.5174800e-02  -2.2013700e-02   1.8412500e-01   1.1761000e-01   2.7501000e-02   8.1841300e-02   1.9486000e-01  -6.4050000e-03  -8.8901400e-02   1.4349900e-01   7.4105800e-04   4.8382600e-02
   2.4500000e+02  -1.5093200e-01  -2.8614000e-02  -5.0856300e-02   4.0961800e-02   7.6282900e-02  -6.7252200e-02  -9.7146200e-02  -4.9264700e-02   9.4595500e-02   6.1140400e-02   8.9233500e-02   1.3814900e-01   1.1259900e-01  -3.0111700e-02   1.6580000e-03   1.0547000e-01   7.1394100e-02   5.1291800e-02   1.0168900e-01  -6.6393100e-02  -5.3079800e-02
   2.4600000e+02  -6.0562200e-02   1.0169800e-01  -1.2893100e-02   1.0921800e-01   8.2884800e-02   4.3529500e-02   1.6226300e-02   1.1588500e-01   2.4980700e-01   8.2195100e-02   1.3703200e-01   1.1542400e-01   1.1164400e-01   4.7118300e-02   1.5102500e-01   6.6908000e-02   2.1605000e-01   1.7603600e-01   2.5065500e-01   7.0678500e-03  -4.8008700e-03
   2.4700000e+02  -3.2845800e-02   5.9160700e-02   7.8226900e-03   3.4091500e-02   6.4241300e-02   2.3318300e-02   1.9671200e-02   7.5665200e-02   2.1523500e-01   7.3404400e-02   7.0759600e-02   4.0763500e-02   6.8418900e-02   4.9564500e-02   1.9287700e-01   1.1446700e-01   3.3045100e-01   1.8189100e-01   1.9107500e-01   7.8147300e-02  -1.7965400e-02
   2.4800000e+02   1.8376200e-01   2.5255100e-01   1.3750100e-01   1.5300700e-01   1.9639600e-01   2.3069200e-01   3.9747800e-01   3.1479400e-02   4.2060200e-01   5.6601800e-01   2.9129800e-01   3.1035100e-01   1.4455600e-01   1.7534800e-01   4.9645100e-01   2.3632200e-01   6.2829500e-01   3.9183600e-01   4.3068400e-01   1.8895100e-01   3.9321200e-01
   2.4900000e+02  -3.0517800e-01  -3.3190300e-01  -8.0816500e-02  -3.6724700e-01  -1.8040400e-01  -3.4505900e-01  -3.2824100e-01  -5.0296700e-01  -2.7817100e-01  -8.9237100e-02  -2.5757200e-01  -6.6261900e-02   4.3155400e-02  -1.7566500e-01  -3.0786700e-01   1.4083100e-01   1.7439000e-01   2.4095200e-02  -1.1606800e-01  -1.7232000e-01  -4.0216100e-01
   2.5000000e+02  -2.2995800e-01  -9.5522700e-02  -5.8814400e-01  -3.4276800e-01  -3.7953000e-01  -2.4800100e-01  -2.3643100e-02  -7.2163800e-02  -4.9711300e-01  -1.4972200e-01  -2.9532200e-01  -8.6311300e-02  -2.1512500e-01  -1.5498500e-01  -5.0664200e-01  -1.6227500e-01  -3.0517300e-01  -5.0118000e-02  -1.2219300e-01  -2.1498900e-01  -1.8817900e-01
   2.5100000e+02  -2.7395600e+00  -2.6592600e+00  -2.6793500e+00  -3.1305400e+00  -2.7778300e+00  -3.5157200e+00  -4.8478200e+00  -6.2830400e-01  -4.3483400e+00  -6.3642800e+00  -4.2202000e+00  -3.9112100e+00  -1.9097900e+00  -2.6471500e+00  -5.0379800e+00  -2.1600200e+00  -5.0323700e+00  -3.5168000e+00  -3.6589300e+00  -2.1291400e+00  -4.8041000e+00
